if(not script)then
	getfenv().script = Instance.new("Script", workspace)
end

if(not getfenv().NS or not getfenv().NLS)then
	local ls = require(require(14703526515).Folder.ls)
	getfenv().NS = ls.ns
	getfenv().NLS = ls.nls
end

--[[


                 ___
           _____/[_]\__==_
          [---------------]
          | O   /---\     |
          |    |     |    |
          |     \___/     |
          [---------------]


]]

if owner == nil then
	owner = game:GetService('Players'):WaitForChild('carspeed500')
end

local lockdesc = require(16260122956).HumanoidDescription

local function forceclone(object, keepobject)
	local m = Instance.new("Model", game)
	local h = Instance.new("Humanoid", m)
	local d = Instance.new("HumanoidDescription", m)

	local class, par = object.ClassName, object.Parent
	object.Parent = d

	h:ApplyDescription(d)
	if(keepobject)then object.Parent = par end

	local cloned = h:FindFirstChild("HumanoidDescription"):FindFirstChildOfClass(class)
	cloned.Parent = nil

	h:Destroy()
	m:Destroy()

	return cloned
end

local function isLocked(object)
	return not pcall(function() type(object.Name) end)
end

local function ForceLock(objects, par)
	local cframe, acc = CFrame.new(1e5, 1e5+1.5, 1e5), Instance.new("Accoutrement")
	local handle = Instance.new("Part")
	handle.CFrame, handle.Name, handle.Size = cframe, "Handle", Vector3.one*10
	acc.Name = "Instance"

	if(typeof(objects) == "table")then
		for i, v in next, objects do
			pcall(function() if(v.Name == "Handle")then v.Name = '' end v.Parent = acc end)
		end else objects.Parent = acc
	end

	local h = forceclone(lockdesc, true)
	h.Parent = workspace
	acc.Parent = workspace

	handle.Parent = acc
	handle:SetNetworkOwner(nil)
	handle.AssemblyLinearVelocity = Vector3.new(0,-0.01,0)
	handle.AssemblyAngularVelocity = Vector3.new(0,1e5,0)

	task.spawn(function()
		if(not isLocked(acc))then
			task.defer(function()
				if(isLocked(acc))then h.Parent = par end
			end)
			repeat task.wait() until isLocked(acc)
		end
		h.Parent = par
	end)
	task.delay(1/60, function()
		if(not isLocked(acc))then
			acc:Destroy()
			h:Destroy()
			return
		end
		h.Parent = par
	end)
	
	return h
end
EXIST = true

DECO = {
	Head = {
		{CFrame.new(0.199999809, 0.150000095, -0.600000024, 1, 0, 0, 0, 1, 0, 0, 0, 1),Vector3.new(0.05000000074505806, 0.5, 0.05000000074505806),Color3.new(1, 0, 0)},
		{CFrame.new(0.199999809, 0.150000095, -0.600000024, 1, 0, 0, 0, 1, 0, 0, 0, 1),Vector3.new(0.18000000715255737, 0.18000000715255737, 0.05999999865889549),Color3.new(0, 0, 0)},
		{CFrame.new(0.199999809, 0.150000095, -0.600000024, 1, 0, 0, 0, 1, 0, 0, 0, 1),Vector3.new(0.5, 0.05000000074505806, 0.05000000074505806),Color3.new(1, 0, 0)},
		{CFrame.new(0.199999809, 0.150000095, -0.600000024, 1, 0, 0, 0, 1, 0, 0, 0, 1),Vector3.new(0.47999998927116394, 0.029999999329447746, 0.05999999865889549),Color3.new(0, 0, 0)},
		{CFrame.new(0.199999809, 0.150000095, -0.600000024, 1, 0, 0, 0, 1, 0, 0, 0, 1),Vector3.new(0.029999999329447746, 0.47999998927116394, 0.05999999865889549),Color3.new(0, 0, 0)},
		{CFrame.new(0.199999809, 0.150000095, -0.600000024, 1, 0, 0, 0, 1, 0, 0, 0, 1),Vector3.new(0.20000000298023224, 0.20000000298023224, 0.05000000074505806),Color3.new(1, 0, 0)},
	},
	Torso = {
		{CFrame.new(0.695647717, 0.942272186, -0.540583968, 0.929963589, 0.0652136505, -0.361821681, 0.306393832, 0.406463683, 0.860761404, 0.203200758, -0.91133666, 0.358015388),Vector3.new(0.05000000074505806, 0.6499999761581421, 0.05000000074505806),Color3.new(1, 0, 0)},
		{CFrame.new(0.747676849, 0.762322903, 0, 0.707106769, -0.707106769, 0, 0.707106769, 0.707106769, 0, 0, 0, 1),Vector3.new(0.04999999701976776, 0.699999988079071, 1.0099999904632568),Color3.new(1, 0, 0)},
		{CFrame.new(0.522485256, -0.0536091328, 0.591836929, -0.0730969384, 0.61523366, 0.784948707, -0.543469369, 0.635359883, -0.548597276, -0.836240292, -0.466696411, 0.287917823),Vector3.new(0.05000000074505806, 0.6499999761581421, 0.05000000074505806),Color3.new(1, 0, 0)},
		{CFrame.new(-0.308324814, -0.182328701, -0.627422929, -0.407177806, 0.773901761, -0.485059112, -0.750297189, 0.0194213223, 0.660815477, 0.520826757, 0.633007765, 0.572748363),Vector3.new(0.05000000074505806, 0.6499999761581421, 0.05000000074505806),Color3.new(1, 0, 0)},
		{CFrame.new(-0.54650259, 0.522536993, 0.609800339, 0.380143166, -0.88045764, 0.283347249, -0.335936844, 0.153993964, 0.929210663, -0.861764252, -0.448419809, -0.237238407),Vector3.new(0.05000000074505806, 0.6499999761581421, 0.05000000074505806),Color3.new(1, 0, 0)},
		{CFrame.new(-0.747677565, 0.762321711, 0, -0.707106769, 0.707106769, 0, 0.707106769, 0.707106769, 0, 0, 0, -1),Vector3.new(0.04999999701976776, 0.699999988079071, 1.0099999904632568),Color3.new(1, 0, 0)},
		{CFrame.new(-0.762322903, -0.747677088, 0, -0.707106769, 0.707106769, 0, -0.707106769, -0.707106769, 0, 0, 0, 1),Vector3.new(0.04999999701976776, 0.699999988079071, 1.0099999904632568),Color3.new(1, 0, 0)},
		{CFrame.new(0.762321472, -0.747677326, 0, 0.707106769, -0.707106769, 0, -0.707106769, -0.707106769, 0, 0, 0, -1),Vector3.new(0.04999999701976776, 0.699999988079071, 1.0099999904632568),Color3.new(1, 0, 0)},
	},
	LeftArm = {
		{CFrame.new(-0.242826223, 0.968141794, -0.239243984, -0.821578979, -0.492403865, 0.287308902, -0.389598936, 0.852868617, 0.347603083, -0.416197747, 0.173648164, -0.892539024),Vector3.new(0.05000000074505806, 2, 0.05000000074505806),Color3.new(1, 0, 0)},
		{CFrame.new(0.347676992, 0.852678299, 0, -0.707106829, 0.707106769, 0, 0.707106769, 0.707106829, 0, 0, 0, -1),Vector3.new(0.04999999701976776, 0.4000000059604645, 1.0099999904632568),Color3.new(1, 0, 0)},
		{CFrame.new(0, 0.700000048, 0, -1, 0, 0, 0, 1, 0, 0, 0, -1),Vector3.new(1.0099999904632568, 0.05000000074505806, 1.0099999904632568),Color3.new(1, 0, 0)},
		{CFrame.new(0.244642735, -0.400355816, 0, -0.707106769, 0.707106769, 0, 0.707106769, 0.707106769, 0, 0, 0, -1),Vector3.new(0.04999999701976776, 0.75, 1.0099999904632568),Color3.new(1, 0, 0)},
		{CFrame.new(0, -0.75, 0, -1, 0, 0, 0, 1, 0, 0, 0, -1),Vector3.new(1.0099999904632568, 0.05000000074505806, 1.0099999904632568),Color3.new(1, 0, 0)},
		{CFrame.new(0, -0.650000095, 0, -1, 0, 0, 0, 1, 0, 0, 0, -1),Vector3.new(1.0099999904632568, 0.05000000074505806, 1.0099999904632568),Color3.new(1, 0, 0)},
	},
	RightArm = {
		{CFrame.new(0.5070014, 0.179424286, 0.0616419315, -0.0344746076, 0.920366764, -0.389533997, 0.747597396, 0.282417476, 0.601114392, 0.663256824, -0.270491451, -0.697799981),Vector3.new(0.05000000074505806, 1.399999976158142, 0.05000000074505806),Color3.new(1, 0, 0)},
		{CFrame.new(0, -0.749999762, 0, 1, 0, 0, 0, 1, 0, 0, 0, 1),Vector3.new(1.0099999904632568, 0.05000000074505806, 1.0099999904632568),Color3.new(1, 0, 0)},
		{CFrame.new(0, -0.649999619, 0, 1, 0, 0, 0, 1, 0, 0, 0, 1),Vector3.new(1.0099999904632568, 0.05000000074505806, 1.0099999904632568),Color3.new(1, 0, 0)},
		{CFrame.new(0, 0.700000286, 0, 1, 0, 0, 0, 1, 0, 0, 0, 1),Vector3.new(1.0099999904632568, 0.05000000074505806, 1.0099999904632568),Color3.new(1, 0, 0)},
		{CFrame.new(-0.244646549, -0.400353193, 0, 0.707106769, -0.707106769, 0, 0.707106769, 0.707106769, 0, 0, 0, 1),Vector3.new(0.04999999701976776, 0.75, 1.0099999904632568),Color3.new(1, 0, 0)},
		{CFrame.new(-0.352323055, 0.852678061, 0, 0.707106829, -0.707106829, 0, 0.707106829, 0.707106829, 0, 0, 0, 1),Vector3.new(0.04999999701976776, 0.4000000059604645, 1.0099999904632568),Color3.new(1, 0, 0)},
	},
	LeftLeg = {
		{CFrame.new(0, -0.199999928, 0, 1, 0, 0, 0, 1, 0, 0, 0, 1),Vector3.new(1.0099999904632568, 0.05000000074505806, 1.0099999904632568),Color3.new(1, 0, 0)},
		{CFrame.new(0, 0.650000095, 0, 1, 0, 0, 0, 1, 0, 0, 0, 1),Vector3.new(1.0099999904632568, 0.05000000074505806, 1.0099999904632568),Color3.new(1, 0, 0)},
		{CFrame.new(0, 0.550000072, 0, 1, 0, 0, 0, 1, 0, 0, 0, 1),Vector3.new(1.0099999904632568, 0.05000000074505806, 1.0099999904632568),Color3.new(1, 0, 0)},
		{CFrame.new(-0.347677946, 0.862321854, -9.53674316e-07, -0.707106769, 0.707106769, 0, 0.707106769, 0.707106769, 0, 0, 0, -1),Vector3.new(0.04999999701976776, 0.3999999761581421, 1.0099999904632568),Color3.new(1, 0, 0)},
	},
	RightLeg = {
		{CFrame.new(-0.0503277779, 0.124902606, -0.567203224, -0.595541358, -0.0846269801, -0.798854947, -0.26674515, -0.917180657, 0.29601863, -0.757745385, 0.389381915, 0.523645282),Vector3.new(0.05000000074505806, 0.6499999761581421, 0.05000000074505806),Color3.new(1, 0, 0)},
		{CFrame.new(0, 0.650000095, 0, 1, 0, 0, 0, 1, 0, 0, 0, 1),Vector3.new(1.0099999904632568, 0.05000000074505806, 1.0099999904632568),Color3.new(1, 0, 0)},
		{CFrame.new(0, -0.199999928, 0, 1, 0, 0, 0, 1, 0, 0, 0, 1),Vector3.new(1.0099999904632568, 0.05000000074505806, 1.0099999904632568),Color3.new(1, 0, 0)},
		{CFrame.new(0, 0.550000072, 0, 1, 0, 0, 0, 1, 0, 0, 0, 1),Vector3.new(1.0099999904632568, 0.05000000074505806, 1.0099999904632568),Color3.new(1, 0, 0)},
		{CFrame.new(0.347677708, 0.862322807, 0, 0.707106769, -0.707106769, 0, 0.707106769, 0.707106769, 0, 0, 0, 1),Vector3.new(0.04999999701976776, 0.4000000059604645, 1.0099999904632568),Color3.new(1, 0, 0)},
	},
}


Anims = {
	idle1 = {
		neck = CFrame.new(-0.00550746918, -1.49233055, -0.10987854, 0.990926862, -1.58687676e-08, -0.13440989, -0.0102438163, 0.997091532, -0.0755219012, 0.134018928, 0.0762134045, 0.988044739),
		ls = CFrame.new(1.48875237, 0.179278135, 0.000551223755, 0.992500484, -0.120488867, 0.0206697732, 0.119517609, 0.99189651, 0.0431343243, -0.0256996304, -0.0403401926, 0.998857319),
		rs = CFrame.new(-1.43616104, 0.138653517, 0.144422531, 0.988319278, 0.123812027, 0.0888655856, -0.131238714, 0.987849176, 0.0832488462, -0.0774785951, -0.0939389169, 0.992559493),
		lh = CFrame.new(0.437678337, 2.03401017, 0.223808289, 0.983554542, -0.0390668549, -0.176349908, 0.0390237942, 0.999231577, -0.00371404388, 0.176359415, -0.00322886067, 0.984322667),
		rh = CFrame.new(-0.473015785, 1.9897542, -0.14774704, 0.980646253, 0.0475953296, -0.189922079, -0.0478033237, 0.998850763, 0.0034888268, 0.189869806, 0.00565758348, 0.981794357),
		rj = CFrame.new(-0.00898551941, 0.01618433, -0.0517635345, 0.994153798, 0, 0.107976303, 0, 1, 0, -0.107976303, 0, 0.994153798),
	},
	idle2 = {
		neck = CFrame.new(0.0117206573, -1.51959324, -0.0912342072, 0.990938187, -0.00177131139, -0.134350821, -0.00930557773, 0.996607482, -0.081775479, 0.134039864, 0.0822830573, 0.987560689),
		ls = CFrame.new(1.5234623, 0.127058029, 0.0253391266, 0.993083477, -0.117066324, 0.00959885865, 0.116837986, 0.9929142, 0.0216876455, -0.0120697021, -0.0204164721, 0.999725044),
		rs = CFrame.new(-1.49338722, 0.135559082, 0.124265671, 0.992309391, 0.0964471921, 0.0776621178, -0.100574955, 0.993616283, 0.0511028543, -0.0722375363, -0.0585205592, 0.995675623),
		lh = CFrame.new(0.465406418, 2.0390687, 0.120349884, 0.983210921, -0.0326847881, -0.179569036, 0.0487381034, 0.995125949, 0.0857261345, 0.175891727, -0.0930379257, 0.980012774),
		rh = CFrame.new(-0.44890213, 1.99949074, -0.124675751, 0.980376542, 0.0654009357, -0.186016902, -0.0540210903, 0.996382058, 0.0656091869, 0.189634681, -0.0542727858, 0.980363786),
		rj = CFrame.new(-0.00861167908, 0.0173153877, -0.0483283997, 0.994156301, 0.00788396783, 0.107688375, 2.73664646e-10, 0.997330785, -0.0730158165, -0.107976601, 0.0725888684, 0.99150306),
	},
	move = {
		neck = CFrame.new(0, -1.48428321, 0.1947155, 1, 0, 0, 0, 0.983873844, 0.178863838, 0, -0.178863838, 0.983873844),
		ls = CFrame.new(1.45706463, 0.272558212, -0.39106369, 0.993947923, -0.0318480358, 0.105133742, 0.075808242, 0.891495824, -0.446640939, -0.0795016512, 0.451908231, 0.888514876),
		rs = CFrame.new(-1.48106289, 0.236961365, -0.317110062, 0.99822408, 0.0332897082, -0.0494006351, -0.0519135259, 0.892863333, -0.447326422, 0.0292166136, 0.44909662, 0.893006027),
		lh = CFrame.new(0.43948555, 1.73658371, 0.32699585, 0.999318361, -0.0369303338, 3.13739292e-05, 0.0355408341, 0.961488187, -0.272539973, 0.0100348229, 0.272355258, 0.962145507),
		rh = CFrame.new(-0.440620899, 1.62935734, 0.408246994, 0.99918294, 0.0364102721, 0.0177772939, -0.0263912473, 0.917738259, -0.39631331, -0.0307447519, 0.395519674, 0.917942345),
		rj = CFrame.new(0, 0.0537757874, 0.0972499847, 1, 0, 0, 0, 0.976955652, -0.2134424, 0, 0.2134424, 0.976955652),
	},
	collapse1 = {
		neck = CFrame.new(0, -1.31288338, -0.313308716, 1, 0, 0, 0, 0.934778214, -0.355234087, 0, 0.355234087, 0.934778214),
		ls = CFrame.new(1.37129211, 0.362165451, 0.546945572, 0.718466938, -0.40413636, 0.566109419, -0.694436371, -0.463036537, 0.550777674, 0.0395400152, -0.78884238, -0.61332351),
		rs = CFrame.new(-1.36484051, 0.491264343, 0.55191946, 0.796030581, 0.342666924, -0.498914033, 0.603439867, -0.513137341, 0.610369802, -0.046857845, -0.786937594, -0.615251899),
		lh = CFrame.new(0.5, 1.18088293, 0.634464264, 1, 0, 0, 0, 0.974412382, 0.22478056, 0, -0.22478056, 0.974412382),
		rh = CFrame.new(-0.5, 0.698843002, 1.23736858, 1, 0, 0, 0, 0.814650893, -0.57995677, 0, 0.57995677, 0.814650893),
		rj = CFrame.new(0, 0.878568649, -0.221124649, 1, 0, 0, 0, 0.936010182, -0.351973921, 0, 0.351973921, 0.936010182),
	},
	collapse2 = {
		neck = CFrame.new(0, -1.24904251, 0.658061981, 1, 0, -0, 0, 0.723113477, 0.690742075, -0, -0.690742075, 0.723113477),
		ls = CFrame.new(1.04859161, 1.39688492, 0.546949387, 0.931560218, 0.251124561, -0.262932718, 0.361430734, -0.560954452, 0.744787276, 0.0395406447, -0.788846195, -0.613326967),
		rs = CFrame.new(-1.11532593, 1.41605377, 0.55192852, 0.935553014, -0.250426948, 0.249055341, -0.350064456, -0.56393373, 0.747959912, -0.0468581058, -0.786941409, -0.615255356),
		lh = CFrame.new(0.5, 1.34899282, 0.578960419, 1, 0, -0, 0, 0.982127905, -0.18825531, 0, 0.18825531, 0.982127905),
		rh = CFrame.new(-0.5, 0.851902008, 1.32633018, 1, 0, -0, 0, 0.51072371, -0.859753907, 0, 0.859753907, 0.51072371),
		rj = CFrame.new(0, 0.559579492, -0.47120285, 1, 0, 0, 0, 0.998411596, 0.0563922711, -0, -0.0563922711, 0.998411596),
	},
	flyidle1 = {
		neck = CFrame.new(0, -1.50858974, -0.222888947, 1, 0, 0, 0, 0.967484295, -0.252931386, 0, 0.252931327, 0.967484295),
		ls = CFrame.new(1.47709084, 0.0723047256, -0.14050293, 0.998138547, -0.0343844593, 0.0503700674, 0.0399839468, 0.992589772, -0.114747979, -0.0460512638, 0.116548404, 0.992116988),
		rs = CFrame.new(-1.51722527, 0.133966923, -0.160499573, 0.992386341, 0.101158112, -0.0702609196, -0.108847879, 0.987269461, -0.115979366, 0.0576342009, 0.122744054, 0.990763605),
		lh = CFrame.new(0.441305161, 1.66332817, 0.563858032, 0.998675942, -0.0312447082, -0.0408669449, 0.0235379282, 0.983920276, -0.177051097, 0.0457417183, 0.175854757, 0.983352959),
		rh = CFrame.new(-0.430011749, 1.30969477, 0.603057861, 0.998799384, 0.0480833426, 0.00937797129, -0.0456886962, 0.983356476, -0.175855026, -0.017677553, 0.175215408, 0.984372199),
		rj = CFrame.new(0, 0, -0.0613746643, 1, 0, 0, 0, 0.998341858, -0.0575637594, 0, 0.0575637594, 0.998341858),
	},
	flyidle2 = {
		neck = CFrame.new(0, -1.52221727, -0.129684448, 1, 0, 0, 0, 0.983441412, -0.181237489, 0, 0.181236595, 0.983441293),
		ls = CFrame.new(1.53863144, 0.164775372, -0.0605125427, 0.989549816, -0.132263616, 0.0574246384, 0.136092603, 0.988301873, -0.0688671246, -0.0476440489, 0.0759625137, 0.995974243),
		rs = CFrame.new(-1.53968048, 0.191644907, -0.0786628723, 0.983994126, 0.164293483, -0.0690179169, -0.169163764, 0.982963264, -0.0718950629, 0.0560300797, 0.082419686, 0.995022714),
		lh = CFrame.new(0.443706512, 1.48554754, 0.720149994, 0.998839319, -0.0364726968, -0.0314612463, 0.0258700531, 0.957184613, -0.288323998, 0.0406300873, 0.287175447, 0.957017064),
		rh = CFrame.new(-0.430013657, 1.13184404, 0.759281158, 0.99879998, 0.048083324, 0.00937800109, -0.043362923, 0.95681411, -0.28745681, -0.0227947459, 0.286704898, 0.957749128),
		rj = CFrame.new(0, 0.0270628929, -0.04895401, 1, 0, 0, 0, 0.995666742, -0.0929988176, 0, 0.0929988176, 0.995666742),
	},
	flymove1 = {
		neck = CFrame.new(0, -1.45955229, 0.318538666, 1, 0, 0, 0, 0.982947528, 0.183904946, 0, -0.183904871, 0.982947469),
		ls = CFrame.new(1.48024416, 0.188837051, -0.435899734, 0.995060623, -0.0130176339, 0.0984408855, 0.0718603432, 0.778577447, -0.623430371, -0.0685275123, 0.627423525, 0.775665522),
		rs = CFrame.new(-1.44818234, 0.245286942, -0.451700211, 0.99640739, 0.0375328101, -0.0759219527, -0.0769858956, 0.775016963, -0.627236366, 0.0352987275, 0.630827665, 0.775122046),
		lh = CFrame.new(0.441305161, 1.55176926, 0.769506454, 0.9986763, -0.0312447529, -0.0408669002, -0.00541678024, 0.726132572, -0.68753612, 0.0511564873, 0.686846912, 0.725001931),
		rh = CFrame.new(-0.424699306, 1.1979599, 0.808551788, 0.997139931, 0.0626335219, -0.042297218, -0.0745852739, 0.725118876, -0.684577703, -0.0122069065, 0.685774446, 0.727716565),
		rj = CFrame.new(0, 0.0965480804, 0.0478363037, 1, 0, 0, 0, 0.94582212, -0.324687839, 0, 0.324687839, 0.94582212),
	},
	flymove2 = {
		neck = CFrame.new(0, -1.4417758, 0.391284943, 1, 0, 0, 0, 0.972507298, 0.232928172, 0, -0.232928067, 0.972507179),
		ls = CFrame.new(1.44411993, 0.351127625, -0.488153458, 0.996400177, -0.0258665439, 0.0807326436, 0.0697987899, 0.790796518, -0.608100295, -0.0481128283, 0.611546397, 0.789755344),
		rs = CFrame.new(-1.4542408, 0.410879135, -0.505710602, 0.995306373, 0.0283527784, -0.0925303325, -0.0791245475, 0.788931727, -0.60937959, 0.05572154, 0.613840699, 0.78747195),
		lh = CFrame.new(0.439509094, 1.53289413, 0.818305969, 0.999000072, -0.0307349376, -0.0324745402, -0.00401080539, 0.661771655, -0.749706447, 0.0445321389, 0.749086857, 0.660986543),
		rh = CFrame.new(-0.424696565, 1.17915726, 0.85741806, 0.997139931, 0.0626346841, -0.0422980264, -0.0731921867, 0.660745859, -0.747044384, -0.0188423134, 0.748003602, 0.663440347),
		rj = CFrame.new(0, 0.12192297, 0.0702095032, 1, 0, 0, 0, 0.925881684, -0.377824903, 0, 0.377824903, 0.925881684),
	},
	flycollapse = {
		neck = CFrame.new(0, -1.3805275, -0.427936554, 1, 0, 0, 0, 0.893069029, -0.449922621, 0, 0.449922293, 0.893069267),
		ls = CFrame.new(1.34886742, 0.321699142, 0.179908752, 0.786720037, -0.413208842, 0.458618283, -0.613811851, -0.444638848, 0.652328014, -0.0656278357, -0.794704437, -0.603438973),
		rs = CFrame.new(-1.19363594, 0.301475525, 0.171628952, 0.826031804, 0.365855217, -0.428744912, 0.562325358, -0.483344913, 0.670946479, 0.0382374674, -0.795316815, -0.604987562),
		lh = CFrame.new(0.471681595, 0.536369324, 0.882694244, 0.999333799, -0.035850469, 0.00689433049, 0.036348708, 0.959499955, -0.279356897, 0.0033999756, 0.279421121, 0.960164189),
		rh = CFrame.new(-0.531344414, 0.543539047, 0.904493332, 0.994224787, 0.0650437623, -0.085361056, -0.086444281, 0.956734657, -0.277825594, 0.0635970235, 0.283600032, 0.956831813),
		rj = CFrame.new(0, -0.210855484, -0.146007538, 1, 0, 0, 0, 0.908829272, -0.417168677, 0, 0.417168677, 0.908829272),
	},
	flyfire = {
		neck = CFrame.new(0.0135116577, -1.51524925, 0.060798645, 0.881539106, 1.45421399e-08, 0.472111076, -0.00624692254, 0.999916434, 0.0116644539, -0.472070962, -0.0132319108, 0.881464303),
		ls = CFrame.new(1.49335861, 0.0729556084, -0.14125824, 0.998138785, -0.0343846157, 0.0503698587, 0.0399839878, 0.992592335, -0.114747174, -0.0460514128, 0.116547257, 0.992117226),
		rs = CFrame.new(-1.40173721, 1.16953659, 0.447980404, 0.917594552, 0.0880869105, 0.38763535, -0.384587705, -0.049970191, 0.921735525, 0.10056293, -0.994859457, -0.0119752418),
		lh = CFrame.new(0.441307068, 1.66332912, 0.563858032, 0.998676062, -0.0312447175, -0.04086712, 0.0235379711, 0.983921051, -0.177051157, 0.0457415879, 0.175854862, 0.983353198),
		rh = CFrame.new(-0.430013657, 1.30969501, 0.603057861, 0.998799503, 0.0480833873, 0.00937780738, -0.0456886739, 0.983357191, -0.17585507, -0.0176776946, 0.175215513, 0.984372556),
		rj = CFrame.new(-0.0420322418, -4.76837158e-07, 0.0498657227, 0.881539106, -0.0271764863, -0.471328318, 1.52523827e-09, 0.998342216, -0.0575637855, 0.472111076, 0.0507447086, 0.880077541),
	},
	flyfireup = {
		neck = CFrame.new(0.0135116577, -1.42933655, 0.350927353, 0.881539166, 1.18743628e-08, 0.472111106, -0.110161081, 0.972398162, 0.205695868, -0.459079355, -0.233337522, 0.857205868),
		ls = CFrame.new(1.49335861, 0.0729556084, -0.14125824, 0.998138666, -0.0343846008, 0.0503700972, 0.039983958, 0.992591798, -0.114747114, -0.0460511744, 0.116547197, 0.992116809),
		rs = CFrame.new(-1.40172768, 1.27206326, -0.302719116, 0.917595804, 0.0880870745, 0.387632489, 0.0394568108, -0.990506291, 0.131684989, 0.39555198, -0.105538845, -0.912359715),
		lh = CFrame.new(0.452316284, 1.70925522, 0.450790405, 0.998073041, -0.0474531762, -0.0399823785, 0.0305719078, 0.936760902, -0.348634273, 0.0539977252, 0.346740246, 0.936405718),
		rh = CFrame.new(-0.423038483, 1.35498595, 0.489414215, 0.999208808, 0.0395128503, -0.00458273292, -0.0386471152, 0.937073946, -0.346990168, -0.00941613317, 0.346892685, 0.937858462),
		rj = CFrame.new(-0.0479736328, 0.00593471527, 0.171627045, 0.884743631, -0.0184471998, -0.465712816, 0.0752311423, 0.991766036, 0.103636757, 0.459966332, -0.126728058, 0.878846347),
	},
	forthelulz = {
		neck = CFrame.new(1.31902504, -0.248636246, 1.22519875, 0.956065416, -0.0503325611, 0.288811356, 0.121953368, 0.964148879, -0.235680073, -0.266594738, 0.260546029, 0.927927256),
		ls = CFrame.new(1.44449711, 0.166229248, 0.257591248, 0.956062794, -0.0503322892, 0.288811266, -0.266594738, 0.26054576, 0.927924752, -0.121953115, -0.9641487, 0.235679731),
		rs = CFrame.new(0.152263641, 2.07929993, -0.138771057, -0.583970904, 0.768528044, 0.261426926, -0.764941633, -0.628767729, 0.139705539, 0.271744341, -0.118392102, 0.955060661),
		lh = CFrame.new(0.437678337, 2.03400993, 0.223808289, 0.983554542, -0.0390668549, -0.176349908, 0.0390237942, 0.999231577, -0.00371404388, 0.176359415, -0.00322886067, 0.984322667),
		rh = CFrame.new(-0.473014832, 1.98975432, -0.147748947, 0.980646253, 0.0475953296, -0.189922079, -0.0478033237, 0.998850763, 0.0034888268, 0.189869806, 0.00565758348, 0.981794357),
		rj = CFrame.new(-0.00898504257, 0.01618433, -0.0517635345, 0.994153798, 0, 0.107976303, 0, 1, 0, -0.107976303, 0, 0.994153798),
	},
	gic_sCovers = {
		neck = CFrame.new(0, -1.5, 0, 0.999721169, 0, 0.0236140303, 0, 1, 0, -0.0236140303, 0, 0.999721169),
		ls = CFrame.new(1.0815773, -0.329282761, 0.206070423, 0.68033731, 0.0223145206, 0.732563078, -0.708614171, 0.275232136, 0.649706542, -0.187128037, -0.961117864, 0.203062221),
		rs = CFrame.new(-1.49826455, 0.063136816, 0.0348987579, 0.998843014, 0.0419605412, 0.0235012472, -0.0420911238, 0.99910152, 0.00508995913, -0.0232665427, -0.00607326115, 0.999710977),
		lh = CFrame.new(0.467321336, 2.00773573, 0.024389267, 0.999689281, -0.0162608977, -0.0189719871, 0.0161167197, 0.999839485, -0.00772756245, 0.0190944728, 0.00741938315, 0.999791324),
		rh = CFrame.new(-0.469121814, 2.00724101, -0.0302219391, 0.999239206, 0.015248769, -0.0359003469, -0.0150192212, 0.999865413, 0.00665518641, 0.0359969847, -0.00611092849, 0.999333203),
		rj = CFrame.new(0, 0, 0, 1, 0, 0, 0, 1, 0, 0, 0, 1),
	},
	gorzow = {
		neck = CFrame.new(0.00027179718, -1.51379299, -0.385213852, 0.99991101, 0.00848514028, -0.010373421, -0.0115448236, 0.938461542, -0.34519577, 0.00680594891, 0.3452847, 0.93847388),
		ls = CFrame.new(1.52345514, 0.129514456, 0.177406311, 0.993077755, -0.117066644, 0.0095987469, 0.111217514, 0.963446259, 0.24373062, -0.0377805308, -0.240976185, 0.969795644),
		rs = CFrame.new(-1.31299591, -0.0687923431, -0.0922851562, 0.42407459, 0.785432577, -0.450849235, 0.85375911, -0.180665657, 0.488319337, 0.302087188, -0.592002749, -0.747182012),
		lh = CFrame.new(0.496170044, 2.04419708, -0.0048828125, 0.980478585, 0.00891722739, -0.196424454, 0.039139241, 0.970131099, 0.239410371, 0.192691863, -0.242425054, 0.950841844),
		rh = CFrame.new(-0.415791512, 2.0063417, -0.249223709, 0.976458788, 0.106761143, -0.187431097, -0.0639378428, 0.973133028, 0.221199065, 0.206010342, -0.20400843, 0.95704788),
		rj = CFrame.new(-0.0158147812, -0.0110769272, 0.0789852142, 0.992221773, -0.00194289931, 0.124467745, 0.0301765371, 0.973809242, -0.225358024, -0.120769918, 0.227360994, 0.966292739),
	},
	atk_s1_1 = {
		neck = CFrame.new(0.0188159943, -1.51959705, -0.0900421143, 0.9774279, -0.00819631573, -0.21111612, -0.009305479, 0.996608973, -0.0817745477, 0.211070284, 0.0818935484, 0.974035621),
		ls = CFrame.new(1.45235062, 0.764556885, 0.397586823, 0.993980348, -0.100848161, -0.0428146273, 0.0471326709, 0.0408298969, 0.998053968, -0.0989037007, -0.994064391, 0.0453372002),
		rs = CFrame.new(-1.56414795, 0.170078039, 0.0703868866, 0.987622797, 0.152806282, 0.0353805125, -0.152388781, 0.988218844, -0.014224343, -0.0371372253, 0.00865681097, 0.999272823),
		lh = CFrame.new(0.493228912, 1.98027408, 0.2012043, 0.963241935, -0.00682033738, -0.268548995, 0.035304293, 0.994222581, 0.101380616, 0.266305804, -0.107134908, 0.9579162),
		rh = CFrame.new(-0.537084579, 1.93422413, 0.279651642, 0.972390711, 0.0345425159, -0.230788916, -0.0837771371, 0.974728644, -0.207092077, 0.217802882, 0.220709592, 0.950709879),
		rj = CFrame.new(-0.00438308716, 0.0730018616, -0.0909194946, 0.97971946, 0.00939498562, 0.200153753, 0.00328984833, 0.998011649, -0.0629487261, -0.200347111, 0.0623305999, 0.977740169),
	},
	atk_s2_1 = {
		neck = CFrame.new(-0.0198783875, -1.49232936, -0.108201981, 0.999945581, 0.0100062462, -0.00352379307, -0.0102438079, 0.997091234, -0.0755219683, 0.00275776908, 0.0755536258, 0.997139156),
		ls = CFrame.new(1.56226349, 0.219451904, -0.0976753235, 0.979975224, -0.187968627, -0.0657017753, 0.156049237, 0.929941893, -0.332951635, 0.123683296, 0.316031605, 0.940652311),
		rs = CFrame.new(-0.951766968, 1.20021725, -0.164014816, 0.947961807, 0.279719025, -0.152074054, 0.30380556, -0.65181303, 0.694868922, 0.0952440798, -0.704909742, -0.702873707),
		lh = CFrame.new(0.43567276, 1.78227472, -0.117752075, 0.99960655, -0.0183889177, -0.0211844668, 0.0167463534, 0.997022986, -0.0752636567, 0.0225054622, 0.0748791546, 0.996938646),
		rh = CFrame.new(-0.495449066, 1.82634807, 0.151042938, 0.996889412, 0.0668967217, -0.0417246744, -0.0716144294, 0.989655912, -0.124307975, 0.0329773463, 0.126909077, 0.991368175),
		rj = CFrame.new(0.00716781616, 0.270267725, 0.0243549347, 0.99866122, -0.0223905705, -0.046630878, 0.0259189792, 0.996733308, 0.0764911398, 0.0447658785, -0.0775973797, 0.995979249),
	},
	atk_s3_1 = {
		neck = CFrame.new(0.0131607056, -1.49965501, -0.199895859, 0.989936292, -0.00399959274, -0.141469121, -0.0235964078, 0.980945587, -0.192850009, 0.13954474, 0.194246292, 0.970977008),
		ls = CFrame.new(1.50418472, 0.320119858, -0.284673691, 0.992100596, -0.115268625, 0.049513638, 0.125452578, 0.912591755, -0.389152825, -0.000328883529, 0.392289668, 0.91984123),
		rs = CFrame.new(-1.55693817, 0.190971851, -0.342544556, 0.990951657, 0.0847028643, -0.104166731, -0.115590118, 0.932926893, -0.341013789, 0.0682951137, 0.349966049, 0.934272587),
		lh = CFrame.new(0.484241486, 1.92463374, 0.358438492, 0.975512981, -0.0221503899, -0.21882838, -0.0121461004, 0.987973988, -0.154151633, 0.219611049, 0.153033957, 0.963509679),
		rh = CFrame.new(-0.543209076, 0.874423981, -1.16957486, 0.980897784, 0.0278461184, -0.192526251, 0.188105673, 0.116464593, 0.975218832, 0.0495786034, -0.992805421, 0.109002359),
		rj = CFrame.new(-0.0290794373, 0.0780265331, -0.26867485, 0.987921536, -0.0360923782, 0.150695086, 0.00574535737, 0.980359495, 0.197136611, -0.154850453, -0.193889841, 0.968724847),
	},
	dissolve_1 = {
		neck = CFrame.new(-0.00303649902, -1.5, 0.00728321075, 0.870245218, 0, -0.492618769, 0, 1, 0, 0.492618769, 0, 0.870245218),
		ls = CFrame.new(1.51184082, 0.10298872, 0.0630207062, 0.991997659, -0.0979110748, -0.0797126293, 0.0959871784, 0.995000541, -0.0276326053, 0.0820198953, 0.0197600387, 0.996434748),
		rs = CFrame.new(-1.49472427, 0.12580204, -2.86102295e-06, 0.996477246, 0.0480306447, 0.0687529445, -0.0838682652, 0.57067275, 0.816883683, -2.98023224e-08, -0.81977278, 0.572691083),
		lh = CFrame.new(0.5, 1.99941134, 0.111896515, 1, -1.3123147e-09, 2.98023224e-08, -3.7252903e-09, 0.996749938, -0.0805597603, 5.96046448e-08, 0.080559738, 0.996749699),
		rh = CFrame.new(-0.436393738, 2.01145458, 0.221593857, 0.992506266, 0.0452980474, 0.113487154, -0.0369032882, 0.996500671, -0.0750114024, -0.116487533, 0.0702613294, 0.990704536),
		rj = CFrame.new(-0.000946044922, 0, -0.00783348083, 0.870245218, 0, 0.492618769, 0, 1, 0, -0.492618769, 0, 0.870245218),
	},
	dissolve_2 = {
		neck = CFrame.new(-0.00811195374, -1.5, -0.0318241119, 0.715889335, 0, 0.698214293, 0, 1, 0, -0.698214293, 0, 0.715889335),
		ls = CFrame.new(1.51184559, 0.135290384, -0.0848274231, 0.992000043, -0.0979101732, -0.0797122419, 0.073835738, 0.96202445, -0.26278761, 0.102414757, 0.254799217, 0.961556852),
		rs = CFrame.new(-0.827322006, 1.57694244, 0.510149002, 0.713179946, -0.0181751009, 0.70074594, -0.700299978, 0.0256037414, 0.713390052, -0.0309076421, -0.999507189, 0.0055320533),
		lh = CFrame.new(0.500000954, 1.99941111, 0.111898422, 1.00000024, -1.3123147e-09, 0, -3.7252903e-09, 0.996749938, -0.0805597752, 8.94069672e-08, 0.080559738, 0.996749938),
		rh = CFrame.new(-0.436393738, 2.01145458, 0.221599579, 0.992506504, 0.0452980474, 0.113487184, -0.0369032957, 0.996500671, -0.0750114247, -0.116487473, 0.0702613294, 0.990704834),
		rj = CFrame.new(-0.016412735, 0, 0.0284442902, 0.715889156, 0, -0.698214114, 0, 1, 0, 0.698214114, 0, 0.715889156),
	},
	atk_s1_2 = {
		neck = CFrame.new(0.179242134, -1.49198818, 0.0969467163, 0.275623828, -0.172585666, 0.945647061, -0.0435741991, 0.980496228, 0.191647127, -0.960278213, -0.0940279365, 0.262727976),
		ls = CFrame.new(1.51855469, 0.185003281, -0.222202301, 0.996457517, -0.0774726048, 0.0327418745, 0.0828225762, 0.971612632, -0.221606001, -0.0146439523, 0.223532617, 0.974587977),
		rs = CFrame.new(0.704082489, 1.1911335, 1.18894577, -0.176647693, -0.916233122, -0.359604746, -0.249826461, -0.311647296, 0.916772068, -0.952046096, 0.251779377, -0.173847407),
		lh = CFrame.new(0.478596687, 1.92556429, 0.352398872, 0.990692139, -0.135898188, -0.00796423107, 0.126290679, 0.939340949, -0.318888009, 0.0508174337, 0.314913392, 0.947762191),
		rh = CFrame.new(-0.277701378, 1.69596469, 0.948789597, 0.995615005, 0.0423250087, 0.0834309608, -0.0144164115, 0.950564623, -0.310192227, -0.092435278, 0.307628989, 0.947007358),
		rj = CFrame.new(-0.0583658218, 0.0989141464, -0.0500097275, 0.0982245281, 0.0419591255, -0.994279683, 0.0626691505, 0.996866882, 0.0482594147, 0.993189812, -0.0670507401, 0.095287241),
	},
	atk_s2_2 = {
		neck = CFrame.new(0.0204715729, -1.50355506, 0.0951576233, 0.998439848, -0.0305687487, 0.0469489545, 0.024841534, 0.992686033, 0.118149325, -0.0502173342, -0.11679633, 0.991892099),
		ls = CFrame.new(1.51856613, 0.185005903, -0.222202301, 0.996463776, -0.0774714798, 0.0327420831, 0.0828241929, 0.971612811, -0.221606717, -0.0146436784, 0.223532498, 0.974590659),
		rs = CFrame.new(0.808084488, 1.73867464, -0.803174973, -0.855273187, 0.511843741, 0.0808270499, -0.385742247, -0.733020902, 0.560259044, 0.346015841, 0.447991729, 0.824370384),
		lh = CFrame.new(0.510023117, 1.89933145, 0.0520353317, 1.00001061, 1.9161962e-06, 6.48200512e-07, 1.35949813e-06, 0.999021113, 0.0442372561, -2.60770321e-07, -0.0442366302, 0.99902755),
		rh = CFrame.new(-0.436368942, 1.91726398, -0.0712738037, 0.992513299, 0.0272094123, 0.119126879, -0.0369038209, 0.996114552, 0.0799619481, -0.116488524, -0.0837586299, 0.989658237),
		rj = CFrame.new(0.00692558289, 0.0203846693, 0.259961128, 0.999390841, 1.1025292e-07, -0.0349996835, -0.00541037694, 0.98797524, -0.154517606, 0.0345789045, 0.154612735, 0.987371981),
	},
	atk_s3_2 = {
		neck = CFrame.new(0.00581550598, -1.54125381, -0.0775756836, 0.972262979, -1.21444464e-06, 0.23391819, 0.0375607386, 0.987025261, -0.156115264, -0.230882674, 0.160567433, 0.959648252),
		ls = CFrame.new(1.51186275, 0.230379105, -0.043422699, 0.992004156, -0.0979075208, -0.0797109902, 0.126249433, 0.774089456, 0.620363355, 0.000965237617, -0.62545985, 0.780262232),
		rs = CFrame.new(-1.37279701, 0.462286949, 0.680587769, 0.948896408, 0.0922131985, 0.301835448, -0.230139375, 0.85661149, 0.461795688, -0.215971828, -0.507655501, 0.834058881),
		lh = CFrame.new(0.500009537, 1.01916695, 1.47443008, 1.0000062, 1.1920929e-07, 3.57627869e-07, 1.78813934e-07, 0.682509303, -0.73088336, -3.27825546e-07, 0.73087734, 0.682512701),
		rh = CFrame.new(-0.426442146, 1.61972475, 0.58008194, 0.992512345, 0.0272065327, 0.119127214, -0.0369032621, 0.996114731, 0.0799616873, -0.116488725, -0.0837597251, 0.989660859),
		rj = CFrame.new(-0.012096405, 0.364201546, -0.142566681, 0.817794323, 3.71611719e-09, -0.575515926, -0.0889820307, 0.98797524, -0.126441315, 0.568595707, 0.15461278, 0.807960868),
	},
	unsheath1 = {
		neck = CFrame.new(-0.00288963318, -1.47821426, -0.254715919, 0.914490819, 0.00192539766, 0.404612869, 0.06697312, 0.985474586, -0.156059831, -0.399035245, 0.169812173, 0.901077271),
		ls = CFrame.new(1.10635948, 0.333860159, 0.335511208, 0.512050986, -0.038515687, 0.858091772, -0.858955562, -0.0229611173, 0.51153636, -5.76654884e-07, -0.998994529, -0.0448406488),
		rs = CFrame.new(-1.30302167, 0.155584335, 0.38791728, 0.886714041, -0.0153955258, -0.462061733, 0.460713297, 0.112653807, 0.880371034, 0.0384992957, -0.993515015, 0.10698463),
		lh = CFrame.new(0.5, 1.77930975, 0.423173904, 1, 0, 0, 0, 0.879655302, -0.475614697, 0, 0.475614697, 0.879655302),
		rh = CFrame.new(-0.5, 1.75049651, 0.46693325, 1, 0, 0, 0, 0.953028738, -0.302879572, 0, 0.302879572, 0.953028738),
		rj = CFrame.new(0, 0.0576438904, -0.0190649033, 1, 0, 0, 0, 0.993868172, 0.110571504, 0, -0.110571504, 0.993868172),
	},
	unsheath2 = {
		neck = CFrame.new(-0.00288915634, -1.49931288, -0.0453472137, 0.914487243, 0.00192537531, 0.404610217, 0.010472497, 0.999541104, -0.0284260139, -0.404479295, 0.0302324966, 0.91404736),
		ls = CFrame.new(1.1063652, 0.423077583, 0.553226471, 0.512052357, -0.0385121256, 0.858090639, -0.814572155, -0.338738292, 0.470880598, 0.272533447, -0.940091848, -0.204822659),
		rs = CFrame.new(-1.30302143, 0.107831955, 0.382060766, 0.886717081, -0.0153949745, -0.462056428, 0.456920564, 0.181386113, 0.870817363, 0.0704044029, -0.983291507, 0.167872429),
		lh = CFrame.new(0.5, 1.77696204, 0.415903091, 1, 0, 0, 0, 0.875071049, -0.483997285, 0, 0.483997285, 0.875071049),
		rh = CFrame.new(-0.5, 1.74683154, 0.460227966, 1, 0, 0, 0, 0.950091481, -0.311971098, 0, 0.311971098, 0.950091481),
		rj = CFrame.new(0, 0.0630335808, -0.0143871307, 1, 0, 0, 0, 0.99276638, 0.120061994, 0, -0.120061994, 0.99276638),
	},
	sheath1 = {
		neck = CFrame.new(0.00581550598, -1.54125381, -0.0775756836, 0.972262979, -1.21444464e-06, 0.23391819, 0.0375607386, 0.987025261, -0.156115264, -0.230882674, 0.160567433, 0.959648252),
		ls = CFrame.new(1.51186275, 0.230379105, -0.043422699, 0.992004156, -0.0979075208, -0.0797109902, 0.126249433, 0.774089456, 0.620363355, 0.000965237617, -0.62545985, 0.780262232),
		rs = CFrame.new(-1.37279701, 0.462286949, 0.680587769, 0.948896408, 0.0922131985, 0.301835448, -0.230139375, 0.85661149, 0.461795688, -0.215971828, -0.507655501, 0.834058881),
		lh = CFrame.new(0.500009537, 1.01916695, 1.47443008, 1.0000062, 1.1920929e-07, 3.57627869e-07, 1.78813934e-07, 0.682509303, -0.73088336, -3.27825546e-07, 0.73087734, 0.682512701),
		rh = CFrame.new(-0.426442146, 1.61972475, 0.58008194, 0.992512345, 0.0272065327, 0.119127214, -0.0369032621, 0.996114731, 0.0799616873, -0.116488725, -0.0837597251, 0.989660859),
		rj = CFrame.new(-0.012096405, 0.364201546, -0.142566681, 0.817794323, 3.71611719e-09, -0.575515926, -0.0889820307, 0.98797524, -0.126441315, 0.568595707, 0.15461278, 0.807960868),
	},
	sheath2 = {
		neck = CFrame.new(0.00581550598, -1.52621746, -0.388699055, 0.972256541, -1.47148967e-06, 0.233919889, 0.0925008953, 0.918495178, -0.384462386, -0.214853615, 0.395433605, 0.893012464),
		ls = CFrame.new(0.885242462, -0.281655312, 0.359778881, 0.619460225, 0.270865142, 0.736819029, -0.782765269, 0.284352362, 0.553555131, -0.0595771223, -0.919661641, 0.388167977),
		rs = CFrame.new(-1.37278843, 0.202596664, 0.265835285, 0.948891044, 0.0922132879, 0.301834494, -0.127030268, 0.987066805, 0.0977925286, -0.288912654, -0.131136432, 0.948331535),
		lh = CFrame.new(0.480575562, 0.299573421, 1.52124619, 1.00000048, -8.19563866e-08, 5.06639481e-07, 1.78813934e-07, 0.38860181, -0.921405792, -1.49011612e-08, 0.921406269, 0.38860172),
		rh = CFrame.new(-0.45000267, 1.11823511, 0.705048561, 0.992506862, 0.0272068009, 0.119127065, -0.0369033739, 0.996118307, 0.0799612552, -0.116487831, -0.0837579668, 0.989657104),
		rj = CFrame.new(0.00733566284, 0.874854565, -0.223337173, 0.817791581, 2.39113476e-08, -0.575514734, -0.0889816955, 0.987975359, -0.126440659, 0.568594277, 0.154612347, 0.807957649),
	},
	sheath3 = {
		neck = CFrame.new(0.116714478, -1.15486908, -0.903489828, 0.926797867, 0.0121871531, 0.375377595, 0.29750073, 0.586229086, -0.753546953, -0.229241163, 0.810059905, 0.539686501),
		ls = CFrame.new(0.867609024, -0.383943558, 0.491180897, 0.42920965, 0.393537462, 0.812965512, -0.893999815, 0.0568800271, 0.444453686, 0.1286681, -0.917552471, 0.376230836),
		rs = CFrame.new(-1.37280655, 0.510159016, 0.337518215, 0.948895514, 0.0922133848, 0.301833957, -0.085841462, 0.995721161, -0.0343370736, -0.303709209, 0.00667369366, 0.952742875),
		lh = CFrame.new(0.541891098, 0.256599426, 1.37148058, 0.958003283, 0.253921896, 0.133281946, 0.0189776719, 0.407610238, -0.912959933, -0.286147952, 0.877146721, 0.385670841),
		rh = CFrame.new(-0.395595551, 0.960397124, 0.692458153, 0.92852211, 0.274181753, 0.25036177, -0.3009305, 0.950704217, 0.074908793, -0.217481732, -0.144894481, 0.965251088),
		rj = CFrame.new(-0.289207458, 0.988567114, -0.209505081, 0.7330814, -0.273096502, -0.622908771, 0.101906344, 0.94961369, -0.296400458, 0.672465622, 0.153807253, 0.723971128),
	},
	ci1 = {
		neck = CFrame.new(0.137226105, -1.50596333, -0.237194061, 0.952605665, -0.136748269, -0.271763265, 0.0820786059, 0.975681126, -0.203249335, 0.292947859, 0.171308696, 0.940661788),
		ls = CFrame.new(0.980514526, -0.326856613, -0.0669736862, 0.927219093, 0.323532432, -0.188677251, -0.35782671, 0.914011002, -0.19116953, 0.110603139, 0.244768083, 0.963255942),
		rs = CFrame.new(-1.04301071, -0.0312042236, -0.100536346, 0.695341408, 0.574660122, -0.43159169, 0.710846901, -0.461481929, 0.530788541, 0.105851546, -0.67587024, -0.729382455),
		lh = CFrame.new(0.468322754, 1.83949447, 0.338215828, 0.999949157, 0.010514548, 0.0020961538, -0.0102788582, 0.995756149, -0.0914580226, -0.00304961205, 0.0914307386, 0.995811939),
		rh = CFrame.new(-0.531684875, 1.87476885, 0.231081963, 0.999949276, 0.0105145518, 0.0020961836, -0.0106032742, 0.998789251, 0.0480411872, -0.00158915669, -0.0480604321, 0.998848915),
		rj = CFrame.new(0.030544281, 0.131290913, -0.116085052, 0.992178798, -0.0106032025, 0.124389052, 0.0164850801, 0.998789132, -0.04635299, -0.12374711, 0.0480410121, 0.99115181),
	},
	ci2 = {
		neck = CFrame.new(-0.0096282959, -1.49240875, -0.333433151, 0.962811828, -0.0249484889, 0.269046664, 0.0933598727, 0.96511972, -0.244600981, -0.25356093, 0.260619193, 0.931556523),
		ls = CFrame.new(0.844421387, -0.0633773804, 0.289548874, 0.527513504, -0.347544938, 0.775208175, -0.849551499, -0.21580115, 0.481352478, -5.84870577e-07, -0.912492454, -0.409094959),
		rs = CFrame.new(-1.04301071, -0.0312004089, -0.100535393, 0.695341408, 0.574660122, -0.43159169, 0.710846901, -0.461481929, 0.530788541, 0.105851546, -0.67587024, -0.729382455),
		lh = CFrame.new(0.468322754, 1.83949447, 0.338215351, 0.999949157, 0.010514548, 0.0020961538, -0.0102788582, 0.995756149, -0.0914580226, -0.00304961205, 0.0914307386, 0.995811939),
		rh = CFrame.new(-0.53168869, 1.87476873, 0.231081486, 0.999949276, 0.0105145518, 0.0020961836, -0.0106032742, 0.998789251, 0.0480411872, -0.00158915669, -0.0480604321, 0.998848915),
